[LEFT_CAM_2K]
fx=1910.03
fy=1910.2
cx=1063.41
cy=606.017
k1=-0.0718303
k2=-0.0231313
p1=0.000450809
p2=0.000174599
k3=-0.0444289

[RIGHT_CAM_2K]
fx=1910.85
fy=1911.78
cx=1093.96
cy=606.591
k1=-0.0740932
k2=0.000176218
p1=4.35076e-05
p2=-0.00027562
k3=-0.0810152

[LEFT_CAM_FHD]
fx=1910.03
fy=1910.2
cx=919.41
cy=525.017
k1=-0.0718303
k2=-0.0231313
p1=0.000450809
p2=0.000174599
k3=-0.0444289

[RIGHT_CAM_FHD]
fx=1910.85
fy=1911.78
cx=949.96
cy=525.591
k1=-0.0740932
k2=0.000176218
p1=4.35076e-05
p2=-0.00027562
k3=-0.0810152

[LEFT_CAM_HD]
fx=955.015
fy=955.1
cx=618.205
cy=351.0085
k1=-0.0718303
k2=-0.0231313
p1=0.000450809
p2=0.000174599
k3=-0.0444289

[RIGHT_CAM_HD]
fx=955.425
fy=955.89
cx=633.48
cy=351.2955
k1=-0.0740932
k2=0.000176218
p1=4.35076e-05
p2=-0.00027562
k3=-0.0810152

[LEFT_CAM_VGA]
fx=477.5075
fy=477.55
cx=324.6025
cy=183.00425
k1=-0.0718303
k2=-0.0231313
p1=0.000450809
p2=0.000174599
k3=-0.0444289

[RIGHT_CAM_VGA]
fx=477.7125
fy=477.945
cx=332.24
cy=183.14775
k1=-0.0740932
k2=0.000176218
p1=4.35076e-05
p2=-0.00027562
k3=-0.0810152

[LEFT_DISTO]
k1=5.66789
k2=-5.83737
k3=4.54542
k4=5.7738
k5=-5.61729
k6=4.87763
p1=0.000410783
p2=0.000187881

[RIGHT_DISTO]
k1=9.2964
k2=-7.82342
k3=4.86469
k4=9.41786
k5=-7.44363
k6=5.36111
p1=5.70295e-05
p2=-0.000235498

[STEREO]
Baseline=119.847
TY=-0.152939
TZ=0.77289
CV_2K=0.00423826
CV_FHD=0.00423826
CV_HD=0.00423826
CV_VGA=0.00423826
RX_2K=0.00546638
RX_FHD=0.00546638
RX_HD=0.00546638
RX_VGA=0.00546638
RZ_2K=0.00243053
RZ_FHD=0.00243053
RZ_HD=0.00243053
RZ_VGA=0.00243053

[MISC]
Sensor_ID=0
