[LEFT_CAM_2K]
fx=1910.03
fy=1910.2
cx=1063.41
cy=606.017
k1=-0.0718303
k2=-0.0231313
p1=0.000450809
p2=0.000174599
k3=-0.0444289

[RIGHT_CAM_2K]
fx=1910.85
fy=1911.78
cx=1093.96
cy=606.591
k1=-0.0740932
k2=0.000176218
p1=4.35076e-05
p2=-0.00027562
k3=-0.0810152

[LEFT_CAM_FHD]
fx=1910.03
fy=1910.2
cx=919.41
cy=525.017
k1=-0.0718303
k2=-0.0231313
p1=0.000450809
p2=0.000174599
k3=-0.0444289

[RIGHT_CAM_FHD]
fx=1910.85
fy=1911.78
cx=949.96
cy=525.591
k1=-0.0740932
k2=0.000176218
p1=4.35076e-05
p2=-0.00027562
k3=-0.0810152

[LEFT_CAM_HD]
fx=1294.56427
fy=1334.90852
cx=604.067688
cy=318.682367
k1=0.28573806
k2= 0.23715886
p1=-0.00936604
p2=-0.00739912
k3=-1.34364771

[RIGHT_CAM_HD]
fx=1281.15117
fy=1319.85882
cx=621.57963
cy=328.501856
k1=0.275094
k2=0.41016136
p1=-0.00911822
p2=-0.00950634
k3=-1.89110959

[LEFT_CAM_VGA]
fx=477.5075
fy=477.55
cx=324.6025
cy=183.00425
k1=-0.0718303
k2=-0.0231313
p1=0.000450809
p2=0.000174599
k3=-0.0444289

[LEFT_CAM_VGA]
fx=679.64624175  
fy=697.11889378
cx=317.1355362 
cy=166.42301388
k1=-0.0718303
k2=-0.0231313
p1=0.000450809
p2=0.000174599
k3=-0.0444289

[RIGHT_CAM_VGA]
fx=672.60436425 
fy=689.259606 
cx=326.32930575
cy=171.55096924
k1=-0.0740932
k2=0.000176218
p1=4.35076e-05
p2=-0.00027562
k3=-0.0810152

[RIGHT_DISTO]
k1=9.2964
k2=-7.82342
k3=4.86469
k4=9.41786
k5=-7.44363
k6=5.36111
p1=5.70295e-05
p2=-0.000235498

[STEREO]
Baseline=119.847
TY=-0.152939
TZ=0.77289
CV_2K=0.00423826
CV_FHD=0.00423826
CV_HD=0.00423826
CV_VGA=0.00423826
RX_2K=0.00546638
RX_FHD=0.00546638
RX_HD=0.00546638
RX_VGA=0.00546638
RZ_2K=0.00243053
RZ_FHD=0.00243053
RZ_HD=0.00243053
RZ_VGA=0.00243053

[MISC]
Sensor_ID=0
